#     time  cellID    rnti        rsrp        rsrq
  0.200000      1      0    -132.633833           -nan
  0.200000      2      0    -121.643942           -nan
  0.300000      1      1    -132.633833     -14.753428
  0.300000      2      1    -121.643942      -3.763537
  0.400000      1      1    -132.633833     -14.753428
  0.400000      2      1    -121.643942      -3.763537
  0.500000      1      1    -132.633833     -14.753428
  0.500000      2      1    -121.643942      -3.763537
  0.600000      1      1    -132.633833     -14.753428
  0.600000      2      1    -121.643942      -3.763537
  0.700000      1      1    -132.633833     -14.753428
  0.700000      2      1    -121.643942      -3.763537
  0.800000      1      1    -132.633833     -14.753428
  0.800000      2      1    -121.643942      -3.763537
  0.900000      1      1    -132.633833     -14.753428
  0.900000      2      1    -121.643942      -3.763537
  1.000000      1      1    -132.633833     -14.753428
  1.000000      2      1    -121.643942      -3.763537
  1.100000      1      1    -132.633833     -14.753428
  1.100000      2      1    -121.643942      -3.763537
  1.200000      1      1    -132.633833     -14.753428
  1.200000      2      1    -121.643942      -3.763537
  1.300000      1      1    -132.633833     -14.753428
  1.300000      2      1    -121.643942      -3.763537
  1.400000      1      1    -132.633833     -14.753428
  1.400000      2      1    -121.643942      -3.763537
  1.500000      1      1    -132.633833     -14.753428
  1.500000      2      1    -121.643942      -3.763537
  1.600000      1      1    -132.633833     -14.753428
  1.600000      2      1    -121.643942      -3.763537
  1.700000      1      1    -132.633833     -14.753428
  1.700000      2      1    -121.643942      -3.763537
  1.800000      1      1    -132.633833     -14.753428
  1.800000      2      1    -121.643942      -3.763537
  1.900000      1      1    -132.633833     -14.753428
  1.900000      2      1    -121.643942      -3.763537
  2.000000      1      1    -132.633833     -14.753428
  2.000000      2      1    -121.643942      -3.763537
  2.100000      1      1    -132.633833     -14.753428
  2.100000      2      1    -121.643942      -3.763537
  2.200000      1      1    -132.633833     -14.753428
  2.200000      2      1    -121.643942      -3.763537
  2.300000      1      1    -132.633833     -14.753428
  2.300000      2      1    -121.643942      -3.763537
  2.400000      1      1    -132.633833     -14.753428
  2.400000      2      1    -121.643942      -3.763537
  2.500000      1      1    -132.633833     -14.753428
  2.500000      2      1    -121.643942      -3.763537
  2.600000      1      1    -132.633833     -14.753428
  2.600000      2      1    -121.643942      -3.763537
  2.700000      1      1    -132.633833     -14.753428
  2.700000      2      1    -121.643942      -3.763537
  2.800000      1      1    -132.633833     -14.753428
  2.800000      2      1    -121.643942      -3.763537
  2.900000      1      1    -132.633833     -14.753428
  2.900000      2      1    -121.643942      -3.763537
  3.000000      1      1    -132.633833     -14.753428
  3.000000      2      1    -121.643942      -3.763537
  3.100000      1      1    -132.633833     -14.753428
  3.100000      2      1    -121.643942      -3.763537
  3.200000      1      1    -132.633833     -14.753428
  3.200000      2      1    -121.643942      -3.763537
  3.300000      1      1    -132.633833     -14.753428
  3.300000      2      1    -121.643942      -3.763537
  3.400000      1      1    -132.633833     -14.753428
  3.400000      2      1    -121.643942      -3.763537
  3.500000      1      1    -132.633833     -14.753428
  3.500000      2      1    -121.643942      -3.763537
  3.600000      1      1    -132.633833     -14.753428
  3.600000      2      1    -121.643942      -3.763537
  3.700000      1      1    -132.633833     -14.753428
  3.700000      2      1    -121.643942      -3.763537
  3.800000      1      1    -132.633833     -14.753428
  3.800000      2      1    -121.643942      -3.763537
  3.900000      1      1    -132.633833     -14.753428
  3.900000      2      1    -121.643942      -3.763537
  4.000000      1      1    -132.633833     -14.753428
  4.000000      2      1    -121.643942      -3.763537
  4.100000      1      1    -132.633833     -14.753428
  4.100000      2      1    -121.643942      -3.763537
  4.200000      1      1    -132.633833     -14.753428
  4.200000      2      1    -121.643942      -3.763537
  4.300000      1      1    -132.633833     -14.753428
  4.300000      2      1    -121.643942      -3.763537
  4.400000      1      1    -132.633833     -14.753428
  4.400000      2      1    -121.643942      -3.763537
  4.500000      1      1    -132.633833     -14.753428
  4.500000      2      1    -121.643942      -3.763537
  4.600000      1      1    -132.633833     -14.753428
  4.600000      2      1    -121.643942      -3.763537
  4.700000      1      1    -132.633833     -14.753428
  4.700000      2      1    -121.643942      -3.763537
  4.800000      1      1    -132.633833     -14.753428
  4.800000      2      1    -121.643942      -3.763537
  4.900000      1      1    -132.633833     -14.753428
  4.900000      2      1    -121.643942      -3.763537
